319,4
319,3
319,2
319,1
319,0
318,4
318,3
318,2
318,1
318,0
205,15
205,14
317,4
317,3
317,2
317,1
317,0
215,17
316,4
316,3
316,2
316,1
316,0
315,4
315,3
315,2
315,1
315,0
314,4
314,3
314,2
314,1
314,0
313,4
313,3
313,2
313,1
313,0
312,4
312,3
312,2
312,1
312,0
311,4
311,3
311,2
311,1
311,0
310,4
310,3
310,2
310,1
310,0
309,4
309,3
309,2
309,1
309,0
308,4
308,3
308,2
308,1
308,0
57,8
57,7
307,4
307,3
307,2
307,1
307,0
215,16
306,4
306,3
306,2
306,1
306,0
305,4
305,3
305,2
305,1
305,0
304,4
304,3
304,2
304,1
304,0
303,4
303,3
303,2
303,1
303,0
302,4
302,3
302,2
302,1
302,0
301,4
301,3
301,2
301,1
301,0
300,4
300,3
300,2
300,1
300,0
299,4
299,3
299,2
299,1
299,0
298,4
298,3
298,2
298,1
298,0
297,4
297,3
297,2
297,1
297,0
296,4
296,3
296,2
296,1
296,0
295,4
295,3
295,2
295,1
295,0
294,4
294,3
294,2
294,1
294,0
293,4
293,3
293,2
293,1
293,0
292,4
292,3
292,2
292,1
292,0
291,4
291,3
291,2
291,1
291,0
215,15
4294967279,343
4294967278,247
4294967278,246
4294967278,244
290,4
290,3
290,2
290,1
290,0
4294967278,243
289,4
289,3
289,2
289,1
289,0
4294967278,241
4294967278,236
288,4
288,3
288,2
288,1
288,0
4294967278,230
287,4
287,3
287,2
287,1
287,0
286,4
286,3
286,2
286,1
286,0
4294967279,137
4294967279,253
4294967279,250
4294967279,242
4294967278,224
4294967279,236
4294967278,222
4294967279,233
4294967278,216
4294967279,231
285,4
285,3
285,2
285,1
285,0
4294967279,227
4294967279,225
4294967279,223
4294967279,221
4294967278,210
284,4
284,3
284,2
284,1
284,0
4294967278,382
4294967279,219
283,4
283,3
283,2
283,1
283,0
4294967279,217
4294967278,381
4294967279,213
4294967279,211
282,4
282,3
282,2
282,1
282,0
4294967278,378
281,4
281,3
281,2
281,1
281,0
4294967279,209
4294967278,376
4294967279,575
4294967279,570
4294967279,568
280,4
280,3
280,2
280,1
280,0
4294967279,567
279,4
279,3
279,2
279,1
279,0
278,4
278,3
278,2
278,1
278,0
277,4
277,3
277,2
277,1
277,0
4294967278,367
4294967278,366
4294967278,365
4294967279,560
4294967278,360
4294967278,358
4294967279,553
4294967278,353
4294967279,551
4294967278,380
4294967279,549
4294967279,548
189,18
4294967279,547
4294967279,546
276,4
276,3
276,2
276,1
276,0
275,4
275,3
275,2
275,1
275,0
4294967279,544
274,4
274,3
274,2
274,1
274,0
4294967278,349
273,4
273,3
273,2
273,1
273,0
4294967279,543
4294967278,348
272,4
272,3
272,2
272,1
272,0
4294967279,541
271,4
271,3
271,2
271,1
271,0
4294967279,539
4294967278,342
270,4
270,3
270,2
270,1
270,0
4294967279,536
4294967278,337
269,4
269,3
269,2
269,1
269,0
268,4
268,3
268,2
268,1
268,0
267,4
267,3
267,2
267,1
267,0
4294967279,534
266,4
266,3
266,2
266,1
266,0
4294967279,533
265,4
265,3
265,2
265,1
265,0
4294967278,332
264,4
264,3
264,2
264,1
264,0
263,4
263,3
263,2
263,1
263,0
4294967278,330
4294967278,325
4294967279,532
262,4
262,3
262,2
262,1
262,0
4294967278,324
4294967279,530
4294967278,323
4294967278,320
4294967279,526
261,4
261,3
261,2
261,1
261,0
4294967279,525
4294967278,319
260,4
260,3
260,2
260,1
260,0
4294967279,521
259,4
259,3
259,2
259,1
259,0
4294967279,520
258,4
258,3
258,2
258,1
258,0
4294967278,316
4294967278,315
4294967278,314
4294967279,517
4294967279,515
257,4
257,3
257,2
257,1
257,0
4294967279,513
256,4
256,3
256,2
256,1
256,0
4294967278,313
213,8
4294967279,316
4294967279,314
4294967278,310
4294967278,309
255,4
255,3
255,2
255,1
255,0
4294967279,313
254,4
254,3
254,2
254,1
254,0
4294967279,312
4294967279,311
4294967279,310
4294967278,308
253,4
253,3
253,2
253,1
253,0
4294967278,307
252,4
252,3
252,2
252,1
252,0
4294967279,306
4294967278,304
4294967278,293
4294967278,291
4294967278,290
4294967278,289
4294967279,300
251,4
251,3
251,2
251,1
251,0
250,4
250,3
250,2
250,1
250,0
249,4
249,3
249,2
249,1
249,0
4294967279,295
4294967278,288
4294967279,294
248,4
248,3
248,2
248,1
248,0
247,4
247,3
247,2
247,1
247,0
205,11
4294967278,286
4294967278,285
4294967279,292
4294967279,291
246,4
246,3
246,2
246,1
246,0
4294967278,280
4294967278,277
245,4
245,3
245,2
245,1
245,0
4294967279,290
244,4
244,3
244,2
244,1
244,0
243,4
243,3
243,2
